# x,y,z
2044.437,3713.196,-5314.186
1982.985,3753.173,-5309.415
1921.341,3792.766,-5303.969
1859.511,3831.969,-5297.851
1797.503,3870.778,-5291.061
1735.324,3909.189,-5283.599
1672.981,3947.195,-5275.467
1610.482,3984.794,-5266.665
1547.834,4021.980,-5257.195
1485.044,4058.750,-5247.058
1422.119,4095.097,-5236.255
1359.067,4131.019,-5224.788
1295.896,4166.511,-5212.658
1232.612,4201.568,-5199.866
1169.222,4236.187,-5186.414
1105.735,4270.363,-5172.304
1042.157,4304.091,-5157.538
978.495,4337.368,-5142.117
914.759,4370.190,-5126.044
850.954,4402.552,-5109.320
787.089,4434.451,-5091.948
723.170,4465.882,-5073.930
659.205,4496.842,-5055.268
595.202,4527.326,-5035.965
531.168,4557.332,-5016.023
467.111,4586.855,-4995.444
403.037,4615.891,-4974.232
338.954,4644.438,-4952.389
274.870,4672.490,-4929.917
210.792,4700.046,-4906.820
146.726,4727.100,-4883.100
82.682,4753.651,-4858.761
18.665,4779.694,-4833.805
-45.317,4805.226,-4808.236
-109.257,4830.244,-4782.057
-173.146,4854.745,-4755.271
-236.979,4878.725,-4727.882
-300.747,4902.182,-4699.893
-364.443,4925.112,-4671.307
-428.061,4947.512,-4642.129
-491.593,4969.380,-4612.361
-555.031,4990.712,-4582.009
-618.368,5011.505,-4551.075
-681.597,5031.758,-4519.563
-744.712,5051.466,-4487.477
-807.704,5070.628,-4454.822
-870.567,5089.240,-4421.602
-933.294,5107.301,-4387.820
-995.876,5124.807,-4353.481
-1058.308,5141.757,-4318.590
-1120.581,5158.147,-4283.151
-1182.690,5173.976,-4247.169
-1244.626,5189.241,-4210.647
-1306.383,5203.941,-4173.592
-1367.953,5218.072,-4136.006
-1429.331,5231.634,-4097.897
-1490.508,5244.623,-4059.267
-1551.479,5257.039,-4020.122
-1612.235,5268.878,-3980.466
-1672.771,5280.140,-3940.306
-1733.080,5290.822,-3899.646
-1793.154,5300.924,-3858.491
-1852.988,5310.442,-3816.846
-1912.573,5319.376,-3774.717
-1971.905,5327.724,-3732.108
-2030.976,5335.485,-3689.026
-2089.779,5342.658,-3645.476
-2148.308,5349.240,-3601.463
-2206.556,5355.231,-3556.992
-2264.518,5360.630,-3512.070
-2322.186,5365.435,-3466.703
-2379.553,5369.646,-3420.895
-2436.615,5373.261,-3374.652
-2493.363,5376.279,-3327.982
-2549.793,5378.700,-3280.888
-2605.898,5380.523,-3233.377
-2661.671,5381.746,-3185.456
-2717.106,5382.370,-3137.130
-2772.198,5382.394,-3088.406
-2826.939,5381.817,-3039.289
-2881.323,5380.639,-2989.787
-2935.346,5378.860,-2939.906
-2989.000,5376.478,-2889.651
-3042.280,5373.495,-2839.030
-3095.180,5369.910,-2788.048
-3147.694,5365.722,-2736.713
-3199.816,5360.932,-2685.030
-3251.541,5355.539,-2633.007
-3302.862,5349.545,-2580.649
-3353.775,5342.948,-2527.964
-3404.274,5335.749,-2474.958
-3454.353,5327.949,-2421.637
-3504.007,5319.547,-2368.010
-3553.231,5310.545,-2314.081
-3602.018,5300.942,-2259.859
-3650.365,5290.740,-2205.350
-3698.265,5279.938,-2150.560
-3745.713,5268.538,-2095.497
-3792.705,5256.540,-2040.169
-3839.235,5243.945,-1984.580
-3885.298,5230.754,-1928.740
-3930.890,5216.968,-1872.655
-3976.005,5202.588,-1816.331
-4020.638,5187.615,-1759.777
-4064.785,5172.050,-1702.999
-4108.440,5155.895,-1646.004
-4151.600,5139.150,-1588.800
-4194.260,5121.817,-1531.395
-4236.414,5103.898,-1473.794
-4278.059,5085.394,-1416.006
-4319.190,5066.306,-1358.037
-4359.803,5046.636,-1299.896
-4399.893,5026.387,-1241.590
-4439.455,5005.559,-1183.127
-4478.487,4984.156,-1124.513
-4516.983,4962.178,-1065.756
-4554.940,4939.627,-1006.864
-4592.354,4916.506,-947.844
-4629.220,4892.818,-888.704
-4665.535,4868.563,-829.451
-4701.295,4843.744,-770.093
-4736.497,4818.364,-710.638
-4771.136,4792.425,-651.092
-4805.209,4765.929,-591.463
-4838.713,4738.879,-531.759
-4871.644,4711.278,-471.988
-4903.999,4683.128,-412.156
-4935.774,4654.431,-352.273
-4966.967,4625.191,-292.344
-4997.573,4595.410,-232.378
-5027.591,4565.091,-172.383
-5057.016,4534.238,-112.365
-5085.847,4502.853,-52.334
-5114.080,4470.939,7.705
-5141.711,4438.499,67.743
-5168.739,4405.537,127.772
-5195.161,4372.055,187.785
-5220.974,4338.058,247.774
-5246.176,4303.548,307.732
-5270.764,4268.529,367.651
-5294.735,4233.005,427.524
-5318.088,4196.979,487.342
-5340.819,4160.454,547.098
-5362.928,4123.435,606.785
-5384.411,4085.925,666.394
-5405.267,4047.929,725.918
-5425.494,4009.449,785.350
-5445.089,3970.491,844.682
-5464.052,3931.058,903.906
-5482.380,3891.154,963.015
-5500.071,3850.783,1022.002
-5517.125,3809.950,1080.858
-5533.539,3768.658,1139.576
-5549.312,3726.912,1198.150
-5564.443,3684.717,1256.570
-5578.931,3642.076,1314.831
-5592.774,3598.994,1372.924
-5605.971,3555.476,1430.843
-5618.521,3511.526,1488.579
-5630.423,3467.148,1546.126
-5641.676,3422.348,1603.477
-5652.279,3377.130,1660.623
-5662.232,3331.499,1717.558
-5671.534,3285.459,1774.274
-5680.185,3239.015,1830.765
-5688.182,3192.173,1887.023
-5695.528,3144.937,1943.040
-5702.219,3097.313,1998.810
-5708.258,3049.305,2054.326
-5713.642,3000.918,2109.580
-5718.373,2952.158,2164.566
-5722.449,2903.030,2219.277
-5725.871,2853.538,2273.704
-5728.640,2803.689,2327.843
-5730.754,2753.489,2381.685
-5732.215,2702.941,2435.223
-5733.022,2652.052,2488.451
-5733.177,2600.828,2541.362
-5732.678,2549.274,2593.949
-5731.528,2497.396,2646.206
-5729.727,2445.198,2698.125
-5727.275,2392.688,2749.700
-5724.173,2339.870,2800.925
-5720.421,2286.751,2851.793
-5716.022,2233.335,2902.298
-5710.975,2179.630,2952.432
-5705.281,2125.640,3002.190
-5698.943,2071.372,3051.566
-5691.960,2016.831,3100.553
-5684.335,1962.024,3149.145
-5676.069,1906.957,3197.335
-5667.162,1851.635,3245.118
-5657.616,1796.064,3292.488
-5647.434,1740.251,3339.438
-5636.616,1684.202,3385.962
-5625.165,1627.922,3432.055
-5613.081,1571.419,3477.710
-5600.367,1514.698,3522.923
-5587.025,1457.766,3567.686
-5573.056,1400.629,3611.995
-5558.464,1343.293,3655.843
-5543.248,1285.765,3699.225
-5527.413,1228.050,3742.136
-5510.960,1170.156,3784.569
-5493.891,1112.088,3826.520
-5476.209,1053.854,3867.984
-5457.916,995.460,3908.954
-5439.015,936.913,3949.425
-5419.509,878.218,3989.393
-5399.400,819.384,4028.852
-5378.691,760.416,4067.797
-5357.385,701.321,4106.223
-5335.484,642.106,4144.126
-5312.993,582.777,4181.500
-5289.913,523.341,4218.340
-5266.247,463.805,4254.642
-5242.000,404.175,4290.401
-5217.173,344.459,4325.613
-5191.771,284.662,4360.274
-5165.796,224.792,4394.378
-5139.252,164.855,4427.921
-5112.143,104.859,4460.899
-5084.471,44.809,4493.309
-5056.241,-15.287,4525.145
-5027.456,-75.423,4556.404
-4998.119,-135.591,4587.081
-4968.235,-195.785,4617.174
-4937.807,-255.999,4646.677
-4906.840,-316.224,4675.588
-4875.336,-376.456,4703.902
-4843.300,-436.685,4731.615
-4810.737,-496.906,4758.725
-4777.649,-557.112,4785.228
-4744.042,-617.296,4811.120
-4709.919,-677.450,4836.398
-4675.285,-737.569,4861.059
-4640.143,-797.645,4885.099
-4604.499,-857.671,4908.516
-4568.357,-917.641,4931.306
-4531.722,-977.546,4953.467
-4494.597,-1037.381,4974.996
-4456.988,-1097.139,4995.889
-4418.900,-1156.812,5016.145
-4380.336,-1216.393,5035.760
-4341.303,-1275.876,5054.733
-4301.804,-1335.254,5073.060
-4261.845,-1394.520,5090.739
-4221.430,-1453.666,5107.769
-4180.564,-1512.687,5124.146
-4139.253,-1571.575,5139.869
-4097.501,-1630.323,5154.936
-4055.314,-1688.926,5169.345
-4012.696,-1747.375,5183.094
-3969.653,-1805.664,5196.181
-3926.190,-1863.786,5208.605
-3882.312,-1921.735,5220.364
-3838.024,-1979.504,5231.456
-3793.332,-2037.086,5241.880
-3748.242,-2094.474,5251.635
-3702.758,-2151.662,5260.719
-3656.886,-2208.643,5269.131
-3610.631,-2265.410,5276.871
-3564.000,-2321.956,5283.937
-3516.998,-2378.276,5290.327
-3469.630,-2434.361,5296.043
-3421.902,-2490.207,5301.082
-3373.819,-2545.805,5305.443
-3325.387,-2601.151,5309.127
-3276.612,-2656.236,5312.133
-3227.501,-2711.055,5314.460
-3178.058,-2765.600,5316.108
-3128.290,-2819.866,5317.077
-3078.203,-2873.846,5317.367
-3027.803,-2927.533,5316.978
-2977.096,-2980.921,5315.910
-2926.088,-3034.003,5314.163
-2874.785,-3086.774,5311.737
-2823.192,-3139.227,5308.632
-2771.318,-3191.355,5304.850
-2719.166,-3243.153,5300.390
-2666.744,-3294.615,5295.253
-2614.057,-3345.733,5289.439
-2561.112,-3396.503,5282.950
-2507.915,-3446.917,5275.786
-2454.473,-3496.971,5267.949
-2400.790,-3546.657,5259.438
-2346.874,-3595.970,5250.256
-2292.732,-3644.905,5240.403
-2238.368,-3693.455,5229.880
-2183.790,-3741.614,5218.690
-2129.004,-3789.377,5206.833
-2074.016,-3836.738,5194.310
-2018.833,-3883.690,5181.124
-1963.461,-3930.229,5167.276
-1907.906,-3976.349,5152.768
-1852.175,-4022.045,5137.602
-1796.274,-4067.309,5121.779
-1740.211,-4112.138,5105.302
-1683.990,-4156.525,5088.173
-1627.620,-4200.466,5070.393
-1571.106,-4243.954,5051.966
-1514.454,-4286.984,5032.892
-1457.672,-4329.552,5013.176
-1400.766,-4371.652,4992.819
-1343.742,-4413.278,4971.824
-1286.607,-4454.426,4950.193
-1229.368,-4495.090,4927.931
-1172.031,-4535.265,4905.038
-1114.604,-4574.947,4881.519
-1057.092,-4614.130,4857.377
-999.503,-4652.810,4832.614
-941.843,-4690.982,4807.234
-884.118,-4728.640,4781.239
-826.336,-4765.781,4754.634
-768.502,-4802.399,4727.422
-710.623,-4838.491,4699.606
-652.707,-4874.051,4671.190
-594.758,-4909.075,4642.177
-536.785,-4943.559,4612.571
-478.794,-4977.498,4582.376
-420.790,-5010.888,4551.595
-362.781,-5043.725,4520.233
-304.774,-5076.005,4488.294
-246.774,-5107.724,4455.781
-188.788,-5138.877,4422.699
-130.823,-5169.461,4389.053
-72.886,-5199.472,4354.845
-14.982,-5228.905,4320.081
42.881,-5257.758,4284.765
100.697,-5286.025,4248.902
158.461,-5313.705,4212.496
216.164,-5340.792,4175.551
273.801,-5367.284,4138.073
331.365,-5393.177,4100.067
388.849,-5418.468,4061.537
446.249,-5443.153,4022.487
503.556,-5467.229,3982.924
560.765,-5490.693,3942.851
617.869,-5513.541,3902.275
674.861,-5535.771,3861.201
731.736,-5557.380,3819.633
788.486,-5578.364,3777.578
845.106,-5598.722,3735.040
901.589,-5618.449,3692.025
957.929,-5637.544,3648.539
1014.120,-5656.003,3604.587
1070.155,-5673.825,3560.175
1126.029,-5691.007,3515.309
1181.734,-5707.546,3469.993
1237.266,-5723.440,3424.235
1292.618,-5738.686,3378.039
1347.783,-5753.284,3331.412
1402.756,-5767.229,3284.360
1457.531,-5780.522,3236.888
1512.102,-5793.158,3189.003
1566.463,-5805.137,3140.711
1620.607,-5816.457,3092.017
1674.530,-5827.117,3042.929
1728.224,-5837.113,2993.452
1781.686,-5846.445,2943.593
1834.907,-5855.111,2893.358
1887.883,-5863.110,2842.754
1940.608,-5870.441,2791.787
1993.077,-5877.102,2740.463
2045.282,-5883.091,2688.789
2097.220,-5888.408,2636.771
2148.884,-5893.052,2584.417
2200.269,-5897.021,2531.732
2251.369,-5900.315,2478.723
2302.179,-5902.933,2425.399
2352.692,-5904.875,2371.764
2402.904,-5906.138,2317.827
2452.809,-5906.724,2263.594
2502.402,-5906.632,2209.073
2551.677,-5905.860,2154.269
2600.630,-5904.410,2099.191
2649.254,-5902.280,2043.846
2697.544,-5899.470,1988.239
2745.497,-5895.980,1932.379
2793.106,-5891.811,1876.273
2840.366,-5886.962,1819.927
2887.273,-5881.433,1763.350
2933.821,-5875.226,1706.547
2980.006,-5868.339,1649.527
3025.823,-5860.773,1592.297
3071.266,-5852.529,1534.863
3116.332,-5843.607,1477.234
3161.016,-5834.008,1419.416
3205.312,-5823.732,1361.417
3249.216,-5812.781,1303.244
3292.725,-5801.154,1244.905
3335.832,-5788.854,1186.407
3378.534,-5775.881,1127.757
3420.827,-5762.235,1068.964
3462.705,-5747.919,1010.034
3504.165,-5732.933,950.975
3545.202,-5717.279,891.794
3585.812,-5700.958,832.500
3625.991,-5683.972,773.100
3665.734,-5666.322,713.600
3705.038,-5648.009,654.010
3743.899,-5629.035,594.335
3782.313,-5609.403,534.585
3820.275,-5589.114,474.767
3857.782,-5568.170,414.888
3894.830,-5546.573,354.957
3931.415,-5524.325,294.980
3967.533,-5501.429,234.966
4003.182,-5477.887,174.922
4038.357,-5453.700,114.855
4073.055,-5428.873,54.775
4107.272,-5403.406,-5.313
4141.005,-5377.302,-65.399
4174.250,-5350.565,-125.478
4207.006,-5323.197,-185.540
4239.267,-5295.200,-245.578
4271.031,-5266.577,-305.585
4302.296,-5237.332,-365.553
4333.057,-5207.468,-425.475
4363.312,-5176.986,-485.342
4393.058,-5145.892,-545.148
4422.293,-5114.187,-604.884
4451.012,-5081.875,-664.543
4479.215,-5048.960,-724.117
4506.897,-5015.444,-783.599
4534.057,-4981.332,-842.982
4560.691,-4946.627,-902.257
4586.798,-4911.332,-961.417
4612.374,-4875.452,-1020.455
4637.418,-4838.990,-1079.363
4661.927,-4801.950,-1138.134
4685.899,-4764.335,-1196.760
4709.331,-4726.151,-1255.233
4732.222,-4687.401,-1313.547
4754.570,-4648.089,-1371.693
4776.372,-4608.219,-1429.664
4797.626,-4567.796,-1487.453
4818.331,-4526.825,-1545.053
4838.485,-4485.309,-1602.456
4858.085,-4443.254,-1659.654
4877.131,-4400.663,-1716.641
4895.621,-4357.542,-1773.409
4913.554,-4313.894,-1829.951
4930.927,-4269.725,-1886.261
4947.739,-4225.040,-1942.330
4963.989,-4179.843,-1998.151
4979.676,-4134.139,-2053.718
4994.799,-4087.934,-2109.024
5009.355,-4041.232,-2164.061
5023.345,-3994.038,-2218.823
5036.767,-3946.357,-2273.302
5049.621,-3898.196,-2327.492
5061.904,-3849.559,-2381.386
5073.618,-3800.450,-2434.977
5084.759,-3750.877,-2488.257
5095.329,-3700.844,-2541.222
5105.326,-3650.357,-2593.862
5114.750,-3599.421,-2646.173
5123.599,-3548.042,-2698.147
5131.874,-3496.225,-2749.779
5139.575,-3443.977,-2801.060
5146.700,-3391.302,-2851.985
5153.251,-3338.208,-2902.546
5159.225,-3284.700,-2952.739
5164.624,-3230.784,-3002.556
5169.447,-3176.466,-3051.990
5173.695,-3121.753,-3101.036
5177.367,-3066.650,-3149.687
5180.463,-3011.164,-3197.938
5182.984,-2955.300,-3245.781
5184.930,-2899.066,-3293.212
5186.301,-2842.467,-3340.223
5187.098,-2785.510,-3386.809
5187.321,-2728.200,-3432.965
5186.970,-2670.546,-3478.684
5186.047,-2612.552,-3523.960
5184.551,-2554.226,-3568.788
5182.484,-2495.573,-3613.162
5179.846,-2436.601,-3657.076
5176.638,-2377.317,-3700.526
5172.861,-2317.726,-3743.505
5168.516,-2257.835,-3786.008
5163.604,-2197.652,-3828.029
5158.125,-2137.183,-3869.564
5152.082,-2076.435,-3910.608
5145.475,-2015.415,-3951.153
5138.305,-1954.129,-3991.197
5130.574,-1892.585,-4030.733
5122.283,-1830.789,-4069.757
5113.434,-1768.750,-4108.264
5104.027,-1706.472,-4146.248
5094.065,-1643.964,-4183.705
5083.549,-1581.233,-4220.631
5072.481,-1518.286,-4257.020
5060.863,-1455.130,-4292.868
5048.695,-1391.773,-4328.170
5035.981,-1328.221,-4362.922
5022.723,-1264.483,-4397.120
5008.921,-1200.565,-4430.758
4994.579,-1136.475,-4463.834
4979.698,-1072.220,-4496.342
4964.280,-1007.807,-4528.278
4948.328,-943.244,-4559.639
4931.844,-878.539,-4590.421
4914.830,-813.698,-4620.619
4897.288,-748.729,-4650.230
4879.222,-683.640,-4679.250
4860.633,-618.438,-4707.676
4841.524,-553.130,-4735.503
4821.898,-487.724,-4762.729
4801.756,-422.228,-4789.349
4781.103,-356.648,-4815.362
4759.940,-290.993,-4840.762
4738.270,-225.270,-4865.548
4716.097,-159.486,-4889.715
4693.423,-93.649,-4913.262
4670.251,-27.768,-4936.184
4646.584,38.152,-4958.479
4622.425,104.102,-4980.145
4597.777,170.074,-5001.178
4572.643,236.061,-5021.576
4547.027,302.055,-5041.336
4520.932,368.049,-5060.456
4494.361,434.035,-5078.933
4467.317,500.005,-5096.765
4439.803,565.952,-5113.949
4411.824,631.868,-5130.484
4383.383,697.744,-5146.368
4354.484,763.575,-5161.598
4325.129,829.350,-5176.172
4295.323,895.064,-5190.089
4265.070,960.708,-5203.347
4234.373,1026.275,-5215.944
4203.236,1091.757,-5227.879
4171.662,1157.146,-5239.150
4139.657,1222.434,-5249.756
4107.223,1287.615,-5259.695
4074.364,1352.680,-5268.966
4041.085,1417.622,-5277.569
4007.390,1482.434,-5285.501
3973.282,1547.107,-5292.763
3938.766,1611.635,-5299.352
3903.845,1676.009,-5305.269
3868.525,1740.222,-5310.512
3832.809,1804.267,-5315.081
3796.701,1868.137,-5318.975
3760.206,1931.823,-5322.194
3723.328,1995.318,-5324.738
3686.072,2058.615,-5326.605
3648.441,2121.707,-5327.797
3610.441,2184.585,-5328.312
3572.075,2247.243,-5328.150
3533.349,2309.673,-5327.313
3494.267,2371.868,-5325.799
3454.833,2433.820,-5323.609
3415.052,2495.522,-5320.743
3374.929,2556.968,-5317.201
3334.468,2618.149,-5312.985
3293.673,2679.058,-5308.093
3252.551,2739.688,-5302.528
3211.106,2800.032,-5296.290
3169.342,2860.083,-5289.380
3127.265,2919.832,-5281.798
3084.880,2979.274,-5273.546
3042.191,3038.402,-5264.624
2999.203,3097.207,-5255.035
2955.922,3155.683,-5244.778
2912.352,3213.823,-5233.856
2868.499,3271.620,-5222.270
2824.367,3329.068,-5210.021
2779.962,3386.159,-5197.110
2735.288,3442.887,-5183.541
2690.351,3499.244,-5169.313
2645.156,3555.225,-5154.430
2599.708,3610.822,-5138.892
2554.012,3666.029,-5122.703
2508.073,3720.839,-5105.863
2461.897,3775.247,-5088.375
2415.488,3829.244,-5070.242
2368.852,3882.825,-5051.465
2321.995,3935.983,-5032.046
2274.920,3988.713,-5011.990
2227.635,4041.007,-4991.297
2180.144,4092.859,-4969.971
2132.452,4144.264,-4948.013
2084.565,4195.214,-4925.428
2036.488,4245.704,-4902.218
1988.227,4295.728,-4878.385
1939.787,4345.279,-4853.934
1891.173,4394.351,-4828.866
1842.391,4442.939,-4803.185
1793.446,4491.037,-4776.894
1744.344,4538.638,-4749.996
1695.090,4585.738,-4722.496
1645.690,4632.329,-4694.396
1596.149,4678.407,-4665.701
1546.473,4723.966,-4636.413
1496.668,4769.000,-4606.537
1446.739,4813.504,-4576.076
1396.691,4857.472,-4545.034
1346.531,4900.898,-4513.416
1296.263,4943.778,-4481.225
1245.894,4986.107,-4448.466
1195.429,5027.878,-4415.141
1144.873,5069.087,-4381.257
1094.232,5109.729,-4346.817
1043.511,5149.799,-4311.825
992.717,5189.291,-4276.286
941.854,5228.202,-4240.204
890.928,5266.525,-4203.584
839.945,5304.257,-4166.430
788.911,5341.393,-4128.748
737.830,5377.928,-4090.541
686.708,5413.858,-4051.816
635.552,5449.177,-4012.576
584.366,5483.882,-3972.826
533.156,5517.969,-3932.572
481.928,5551.433,-3891.819
430.686,5584.269,-3850.572
379.438,5616.474,-3808.836
328.188,5648.044,-3766.616
276.942,5678.974,-3723.918
225.705,5709.260,-3680.747
174.483,5738.899,-3637.108
123.281,5767.888,-3593.007
72.105,5796.221,-3548.450
20.961,5823.896,-3503.442
-30.147,5850.909,-3457.990
-81.211,5877.256,-3412.098
-132.228,5902.934,-3365.773
-183.191,5927.940,-3319.021
-234.094,5952.271,-3271.847
-284.933,5975.922,-3224.259
-335.702,5998.892,-3176.261
-386.395,6021.177,-3127.859
-437.007,6042.775,-3079.061
-487.533,6063.681,-3029.872
-537.967,6083.894,-2980.299
-588.304,6103.411,-2930.347
-638.539,6122.230,-2880.023
-688.666,6140.347,-2829.333
-738.680,6157.760,-2778.285
-788.576,6174.467,-2726.883
-838.348,6190.466,-2675.135
-887.991,6205.754,-2623.047
-937.500,6220.329,-2570.627
-986.871,6234.189,-2517.879
-1036.096,6247.333,-2464.812
-1085.173,6259.758,-2411.431
-1134.094,6271.462,-2357.745
-1182.856,6282.444,-2303.758
-1231.452,6292.702,-2249.479
-1279.879,6302.235,-2194.914
-1328.130,6311.040,-2140.070
-1376.202,6319.117,-2084.954
-1424.088,6326.465,-2029.572
-1471.784,6333.081,-1973.933
-1519.285,6338.965,-1918.042
-1566.585,6344.115,-1861.907
-1613.681,6348.531,-1805.536
-1660.567,6352.213,-1748.935
-1707.238,6355.158,-1692.112
-1753.688,6357.367,-1635.073
-1799.914,6358.838,-1577.828
-1845.911,6359.572,-1520.382
-1891.673,6359.568,-1462.742
-1937.196,6358.826,-1404.918
-1982.475,6357.344,-1346.915
-2027.506,6355.124,-1288.741
-2072.284,6352.165,-1230.403
-2116.804,6348.466,-1171.909
-2161.062,6344.029,-1113.267
-2205.054,6338.853,-1054.483
-2248.774,6332.938,-995.565
-2292.218,6326.286,-936.521
-2335.383,6318.895,-877.358
-2378.263,6310.767,-818.084
-2420.854,6301.902,-758.705
-2463.152,6292.301,-699.230
-2505.153,6281.964,-639.667
-2546.852,6270.893,-580.021
-2588.246,6259.089,-520.302
-2629.329,6246.552,-460.517
-2670.099,6233.283,-400.673
-2710.550,6219.284,-340.778
-2750.679,6204.556,-280.839
-2790.482,6189.101,-220.865
-2829.954,6172.919,-160.862
-2869.092,6156.012,-100.839
-2907.892,6138.382,-40.803
-2946.350,6120.031,19.239
-2984.462,6100.960,79.278
-3022.224,6081.170,139.308
-3059.633,6060.665,199.320
-3096.684,6039.447,259.307
-3133.375,6017.516,319.261
-3169.701,5994.877,379.174
-3205.658,5971.530,439.039
-3241.244,5947.479,498.847
-3276.455,5922.726,558.593
-3311.287,5897.273,618.266
-3345.736,5871.124,677.862
-3379.800,5844.280,737.370
-3413.476,5816.746,796.785
-3446.759,5788.523,856.098
-3479.646,5759.615,915.302
-3512.136,5730.024,974.389
-3544.223,5699.754,1033.352
-3575.906,5668.808,1092.183
-3607.181,5637.190,1150.876
-3638.045,5604.902,1209.422
-3668.495,5571.948,1267.814
-3698.529,5538.332,1326.044
-3728.144,5504.058,1384.106
-3757.336,5469.128,1441.992
-3786.103,5433.547,1499.694
-3814.442,5397.318,1557.205
-3842.351,5360.446,1614.518
-3869.827,5322.935,1671.626
-3896.868,5284.788,1728.521
-3923.470,5246.010,1785.196
-3949.631,5206.605,1841.644
-3975.349,5166.577,1897.857
-4000.622,5125.931,1953.829
-4025.447,5084.671,2009.552
-4049.822,5042.801,2065.019
-4073.745,5000.326,2120.224
-4097.213,4957.252,2175.158
-4120.225,4913.583,2229.816
-4142.777,4869.323,2284.189
-4164.869,4824.479,2338.271
-4186.498,4779.054,2392.055
-4207.663,4733.054,2445.535
-4228.360,4686.484,2498.702
-4248.590,4639.350,2551.551
-4268.349,4591.656,2604.075
-4287.636,4543.408,2656.267
-4306.450,4494.612,2708.120
-4324.789,4445.272,2759.628
-4342.651,4395.395,2810.784
-4360.034,4344.986,2861.582
-4376.939,4294.050,2912.015
-4393.362,4242.594,2962.077
-4409.302,4190.623,3011.762
-4424.759,4138.143,3061.062
-4439.732,4085.159,3109.973
-4454.218,4031.679,3158.487
-4468.216,3977.707,3206.599
-4481.727,3923.250,3254.302
-4494.748,3868.315,3301.590
-4507.279,3812.906,3348.458
-4519.318,3757.032,3394.899
-4530.866,3700.697,3440.906
-4541.920,3643.909,3486.476
-4552.481,3586.674,3531.601
-4562.547,3528.999,3576.275
-4572.117,3470.889,3620.494
-4581.192,3412.351,3664.251
-4589.771,3353.392,3707.541
-4597.853,3294.020,3750.358
-4605.437,3234.240,3792.697
-4612.523,3174.061,3834.552
-4619.112,3113.488,3875.918
-4625.202,3052.530,3916.790
-4630.794,2991.192,3957.161
-4635.887,2929.483,3997.028
-4640.481,2867.408,4036.385
-4644.576,2804.976,4075.227
-4648.172,2742.193,4113.549
-4651.269,2679.068,4151.346
-4653.867,2615.606,4188.614
-4655.967,2551.815,4225.346
-4657.568,2487.703,4261.540
-4658.671,2423.277,4297.190
-4659.275,2358.545,4332.292
-4659.383,2293.513,4366.841
-4658.993,2228.190,4400.833
-4658.106,2162.583,4434.263
-4656.723,2096.699,4467.128
-4654.844,2030.547,4499.422
-4652.470,1964.133,4531.143
-4649.601,1897.465,4562.285
-4646.239,1830.552,4592.845
-4642.384,1763.401,4622.819
-4638.036,1696.019,4652.203
-4633.197,1628.415,4680.993
-4627.868,1560.597,4709.186
-4622.049,1492.572,4736.778
-4615.741,1424.348,4763.765
-4608.946,1355.933,4790.144
-4601.665,1287.336,4815.911
-4593.899,1218.563,4841.064
-4585.648,1149.624,4865.599
-4576.915,1080.527,4889.512
-4567.701,1011.279,4912.801
-4558.006,941.889,4935.463
-4547.834,872.365,4957.495
-4537.184,802.715,4978.894
-4526.059,732.947,4999.657
-4514.459,663.070,5019.782
-4502.388,593.091,5039.265
-4489.846,523.020,5058.106
-4476.835,452.863,5076.300
-4463.357,382.630,5093.846
-4449.413,312.328,5110.741
-4435.006,241.966,5126.984
-4420.138,171.552,5142.573
-4404.809,101.094,5157.504
-4389.023,30.601,5171.777
-4372.782,-39.920,5185.389
-4356.086,-110.459,5198.339
-4338.940,-181.009,5210.626
-4321.344,-251.562,5222.246
-4303.301,-322.108,5233.200
-4284.813,-392.640,5243.486
-4265.883,-463.150,5253.101
-4246.512,-533.629,5262.046
-4226.704,-604.068,5270.319
-4206.460,-674.460,5277.918
-4185.784,-744.796,5284.843
-4164.677,-815.068,5291.093
-4143.142,-885.268,5296.666
-4121.181,-955.387,5301.563
-4098.799,-1025.417,5305.783
-4075.996,-1095.350,5309.324
-4052.777,-1165.176,5312.188
-4029.144,-1234.888,5314.372
-4005.099,-1304.477,5315.878
-3980.646,-1373.935,5316.705
-3955.787,-1443.254,5316.852
-3930.527,-1512.425,5316.320
-3904.866,-1581.441,5315.109
-3878.809,-1650.293,5313.219
-3852.359,-1718.973,5310.650
-3825.519,-1787.472,5307.402
-3798.291,-1855.784,5303.477
-3770.680,-1923.899,5298.874
-3742.687,-1991.809,5293.594
-3714.317,-2059.507,5287.637
-3685.573,-2126.984,5281.005
-3656.458,-2194.232,5273.698
-3626.975,-2261.244,5265.718
-3597.128,-2328.012,5257.064
-3566.920,-2394.527,5247.739
-3536.355,-2460.781,5237.743
-3505.436,-2526.768,5227.078
-3474.167,-2592.478,5215.746
-3442.550,-2657.904,5203.746
-3410.591,-2723.038,5191.082
-3378.292,-2787.873,5177.754
-3345.656,-2852.400,5163.764
-3312.689,-2916.612,5149.115
-3279.393,-2980.501,5133.807
-3245.773,-3044.060,5117.843
-3211.831,-3107.280,5101.226
-3177.572,-3170.155,5083.956
-3143.000,-3232.676,5066.036
-3108.118,-3294.837,5047.469
-3072.931,-3356.629,5028.256
-3037.443,-3418.046,5008.402
-3001.657,-3479.079,4987.907
-2965.578,-3539.722,4966.775
-2929.209,-3599.966,4945.008
-2892.555,-3659.806,4922.609
-2855.620,-3719.233,4899.582
-2818.407,-3778.240,4875.928
-2780.922,-3836.821,4851.651
-2743.167,-3894.968,4826.755
-2705.148,-3952.675,4801.241
-2666.868,-4009.934,4775.114
-2628.332,-4066.738,4748.377
-2589.544,-4123.081,4721.034
-2550.508,-4178.957,4693.087
-2511.228,-4234.357,4664.540
-2471.709,-4289.275,4635.397
-2431.954,-4343.706,4605.662
-2391.969,-4397.642,4575.338
-2351.758,-4451.077,4544.430
-2311.325,-4504.004,4512.941
-2270.674,-4556.417,4480.875
-2229.810,-4608.309,4448.237
-2188.737,-4659.675,4415.030
-2147.460,-4710.507,4381.259
-2105.983,-4760.801,4346.928
-2064.310,-4810.549,4312.041
-2022.447,-4859.746,4276.603
-1980.398,-4908.386,4240.619
-1938.166,-4956.462,4204.093
-1895.758,-5003.969,4167.029
-1853.177,-5050.901,4129.433
-1810.429,-5097.253,4091.310
-1767.517,-5143.018,4052.664
-1724.446,-5188.191,4013.500
-1681.221,-5232.767,3973.824
-1637.847,-5276.740,3933.640
-1594.329,-5320.104,3892.953
-1550.670,-5362.855,3851.769
-1506.875,-5404.987,3810.094
-1462.950,-5446.496,3767.931
-1418.899,-5487.375,3725.287
-1374.726,-5527.620,3682.168
-1330.436,-5567.227,3638.578
-1286.034,-5606.190,3594.523
-1241.525,-5644.504,3550.009
-1196.913,-5682.165,3505.041
-1152.203,-5719.168,3459.626
-1107.400,-5755.509,3413.769
-1062.508,-5791.183,3367.475
-1017.532,-5826.186,3320.752
-972.477,-5860.513,3273.604
-927.348,-5894.161,3226.038
-882.150,-5927.124,3178.060
-836.886,-5959.399,3129.675
-791.562,-5990.982,3080.891
-746.182,-6021.869,3031.712
-700.752,-6052.056,2982.146
-655.276,-6081.540,2932.199
-609.759,-6110.316,2881.878
-564.206,-6138.381,2831.189
-518.621,-6165.731,2780.138
-473.010,-6192.364,2728.733
-427.377,-6218.276,2676.979
-381.728,-6243.463,2624.884
-336.066,-6267.922,2572.453
-290.396,-6291.651,2519.695
-244.724,-6314.646,2466.615
-199.054,-6336.905,2413.220
-153.390,-6358.424,2359.517
-107.738,-6379.201,2305.513
-62.102,-6399.233,2251.215
-16.487,-6418.519,2196.629
29.103,-6437.054,2141.763
74.663,-6454.837,2086.624
120.188,-6471.867,2031.219
165.673,-6488.139,1975.554
211.114,-6503.653,1919.637
256.507,-6518.406,1863.475
301.846,-6532.397,1807.074
347.127,-6545.623,1750.444
392.345,-6558.084,1693.589
437.496,-6569.776,1636.518
482.575,-6580.699,1579.239
527.578,-6590.851,1521.757
572.499,-6600.231,1464.082
617.335,-6608.837,1406.219
662.080,-6616.668,1348.177
706.730,-6623.723,1289.962
751.281,-6630.002,1231.583
795.729,-6635.502,1173.046
840.067,-6640.224,1114.359
884.293,-6644.167,1055.531
928.401,-6647.329,996.567
972.387,-6649.711,937.477
1016.246,-6651.312,878.267
1059.975,-6652.131,818.945
1103.568,-6652.169,759.519
1147.021,-6651.425,699.996
1190.330,-6649.900,640.385
1233.491,-6647.592,580.691
1276.498,-6644.503,520.924
1319.349,-6640.632,461.090
1362.037,-6635.980,401.198
1404.561,-6630.547,341.254
1446.914,-6624.334,281.267
1489.093,-6617.341,221.244
1531.094,-6609.569,161.193
1572.912,-6601.018,101.122
1614.544,-6591.690,41.037
1655.984,-6581.585,-19.053
1697.230,-6570.704,-79.140
1738.277,-6559.049,-139.218
1779.120,-6546.621,-199.278
1819.756,-6533.421,-259.312
1860.182,-6519.450,-319.314
1900.391,-6504.710,-379.275
1940.382,-6489.202,-439.187
1980.150,-6472.928,-499.044
2019.690,-6455.891,-558.838
2059.000,-6438.090,-618.560
2098.075,-6419.530,-678.204
2136.911,-6400.211,-737.761
2175.504,-6380.136,-797.225
2213.851,-6359.308,-856.586
2251.948,-6337.727,-915.838
2289.790,-6315.398,-974.974
2327.375,-6292.323,-1033.984
2364.699,-6268.503,-1092.863
2401.758,-6243.942,-1151.603
2438.548,-6218.642,-1210.196
2475.065,-6192.607,-1268.634
2511.308,-6165.839,-1326.911
2547.270,-6138.342,-1385.018
2582.951,-6110.117,-1442.949
2618.345,-6081.170,-1500.696
2653.449,-6051.502,-1558.252
2688.261,-6021.117,-1615.609
2722.776,-5990.019,-1672.761
2756.992,-5958.211,-1729.699
2790.905,-5925.697,-1786.418
2824.511,-5892.480,-1842.909
2857.808,-5858.564,-1899.165
2890.793,-5823.954,-1955.179
2923.462,-5788.653,-2010.945
2955.812,-5752.664,-2066.454
2987.841,-5715.993,-2121.701
3019.544,-5678.644,-2176.677
3050.919,-5640.620,-2231.376
3081.963,-5601.925,-2285.792
3112.673,-5562.565,-2339.916
3143.047,-5522.544,-2393.743
3173.080,-5481.866,-2447.265
3202.771,-5440.537,-2500.476
3232.116,-5398.561,-2553.368
3261.113,-5355.943,-2605.934
3289.759,-5312.688,-2658.169
3318.051,-5268.801,-2710.066
3345.987,-5224.288,-2761.617
3373.564,-5179.153,-2812.817
3400.779,-5133.401,-2863.658
3427.630,-5087.038,-2914.135
3454.114,-5040.070,-2964.241
3480.230,-4992.501,-3013.969
3505.973,-4944.338,-3063.314
3531.343,-4895.585,-3112.269
3556.337,-4846.248,-3160.828
3580.953,-4796.334,-3208.984
3605.187,-4745.847,-3256.732
3629.039,-4694.794,-3304.066
3652.505,-4643.181,-3350.980
3675.585,-4591.013,-3397.467
3698.275,-4538.296,-3443.522
3720.573,-4485.038,-3489.139
3742.478,-4431.243,-3534.313
3763.988,-4376.918,-3579.037
3785.100,-4322.070,-3623.305
3805.814,-4266.705,-3667.113
3826.126,-4210.829,-3710.455
3846.034,-4154.448,-3753.324
3865.539,-4097.570,-3795.717
3884.636,-4040.201,-3837.626
3903.326,-3982.347,-3879.048
3921.606,-3924.015,-3919.977
3939.474,-3865.213,-3960.407
3956.929,-3805.946,-4000.333
3973.969,-3746.223,-4039.751
3990.594,-3686.050,-4078.654
4006.801,-3625.434,-4117.039
4022.589,-3564.382,-4154.901
4037.957,-3502.902,-4192.234
4052.903,-3441.001,-4229.034
4067.426,-3378.686,-4265.297
4081.526,-3315.964,-4301.017
4095.200,-3252.843,-4336.190
4108.448,-3189.330,-4370.811
4121.268,-3125.432,-4404.878
4133.660,-3061.158,-4438.384
4145.622,-2996.513,-4471.326
4157.154,-2931.507,-4503.699
4168.255,-2866.145,-4535.500
4178.923,-2800.437,-4566.725
4189.158,-2734.390,-4597.369
4198.960,-2668.011,-4627.430
4208.326,-2601.309,-4656.902
4217.258,-2534.290,-4685.782
4225.753,-2466.964,-4714.067
4233.812,-2399.337,-4741.753
4241.434,-2331.417,-4768.836
4248.618,-2263.214,-4795.314
4255.364,-2194.734,-4821.182
4261.671,-2125.985,-4846.438
4267.539,-2056.976,-4871.077
4272.968,-1987.716,-4895.098
4277.957,-1918.210,-4918.497
4282.505,-1848.469,-4941.272
4286.614,-1778.500,-4963.418
4290.282,-1708.311,-4984.934
4293.509,-1637.911,-5005.816
4296.296,-1567.309,-5026.062
4298.643,-1496.512,-5045.670
4300.548,-1425.529,-5064.637
4302.013,-1354.368,-5082.961
4303.037,-1283.038,-5100.639
4303.621,-1211.547,-5117.669
4303.765,-1139.904,-5134.048
4303.468,-1068.116,-5149.776
4302.732,-996.193,-5164.850
4301.557,-924.143,-5179.268
4299.942,-851.974,-5193.027
4297.888,-779.695,-5206.128
4295.396,-707.314,-5218.567
4292.466,-634.839,-5230.343
4289.099,-562.280,-5241.455
4285.295,-489.644,-5251.902
4281.055,-416.941,-5261.682
4276.379,-344.178,-5270.793
4271.269,-271.365,-5279.236
4265.724,-198.509,-5287.007
4259.746,-125.620,-5294.108
4253.335,-52.705,-5300.536
4246.492,20.225,-5306.292
4239.218,93.164,-5311.373
4231.515,166.102,-5315.780
4223.382,239.030,-5319.513
4214.822,311.941,-5322.569
4205.834,384.826,-5324.950
4196.420,457.676,-5326.654
4186.581,530.482,-5327.682
4176.319,603.235,-5328.033
4165.635,675.928,-5327.708
4154.529,748.551,-5326.707
4143.004,821.096,-5325.029
4131.060,893.554,-5322.675
4118.700,965.916,-5319.645
4105.924,1038.174,-5315.940
4092.734,1110.319,-5311.560
4079.132,1182.343,-5306.506
4065.119,1254.237,-5300.779
4050.696,1325.994,-5294.378
4035.866,1397.603,-5287.305
4020.629,1469.058,-5279.562
4004.989,1540.349,-5271.148
3988.945,1611.468,-5262.065
3972.501,1682.407,-5252.314
3955.657,1753.157,-5241.897
3938.417,1823.711,-5230.814
3920.781,1894.059,-5219.067
3902.751,1964.194,-5206.658
3884.330,2034.107,-5193.587
3865.520,2103.790,-5179.858
3846.322,2173.235,-5165.471
3826.738,2242.434,-5150.428
3806.772,2311.378,-5134.732
3786.424,2380.060,-5118.383
3765.697,2448.470,-5101.385
3744.593,2516.602,-5083.739
3723.115,2584.447,-5065.448
3701.265,2651.996,-5046.514
3679.044,2719.243,-5026.939
3656.456,2786.178,-5006.726
3633.503,2852.795,-4985.877
3610.187,2919.085,-4964.395
3586.510,2985.041,-4942.283
3562.476,3050.654,-4919.543
3538.086,3115.916,-4896.178
3513.344,3180.820,-4872.193
3488.252,3245.359,-4847.588
3462.813,3309.523,-4822.369
3437.029,3373.306,-4796.537
3410.903,3436.701,-4770.097
3384.439,3499.699,-4743.051
3357.637,3562.293,-4715.403
3330.502,3624.475,-4687.157
3303.037,3686.239,-4658.316
3275.243,3747.577,-4628.883
3247.125,3808.482,-4598.864
3218.684,3868.947,-4568.260
3189.924,3928.964,-4537.077
3160.848,3988.526,-4505.318
3131.459,4047.626,-4472.987
3101.759,4106.258,-4440.088
3071.753,4164.414,-4406.626
3041.442,4222.087,-4372.604
3010.830,4279.272,-4338.027
2979.921,4335.960,-4302.899
2948.716,4392.145,-4267.225
2917.220,4447.820,-4231.009
2885.436,4502.980,-4194.256
2853.367,4557.616,-4156.971
2821.016,4611.724,-4119.157
2788.387,4665.295,-4080.821
2755.482,4718.325,-4041.966
2722.306,4770.806,-4002.598
2688.861,4822.732,-3962.722
2655.151,4874.098,-3922.342
2621.180,4924.897,-3881.463
2586.951,4975.122,-3840.092
2552.467,5024.769,-3798.234
2517.732,5073.830,-3755.893
2482.749,5122.300,-3713.075
2447.523,5170.174,-3669.786
2412.057,5217.445,-3626.030
2376.354,5264.108,-3581.815
2340.418,5310.157,-3537.145
2304.253,5355.587,-3492.026
2267.862,5400.392,-3446.463
2231.249,5444.568,-3400.463
2194.418,5488.108,-3354.032
2157.373,5531.007,-3307.174
2120.116,5573.262,-3259.897
2082.653,5614.865,-3212.205
2044.986,5655.813,-3164.106
2007.119,5696.101,-3115.605
1969.057,5735.724,-3066.708
1930.803,5774.676,-3017.422
1892.361,5812.954,-2967.752
1853.734,5850.553,-2917.706
1814.928,5887.468,-2867.288
1775.944,5923.695,-2816.507
1736.789,5959.230,-2765.367
1697.464,5994.068,-2713.876
1657.975,6028.205,-2662.041
1618.325,6061.637,-2609.867
1578.519,6094.360,-2557.361
1538.560,6126.369,-2504.530
1498.451,6157.662,-2451.381
1458.198,6188.235,-2397.919
1417.804,6218.082,-2344.153
1377.274,6247.202,-2290.089
1336.611,6275.591,-2235.734
1295.819,6303.244,-2181.094
1254.904,6330.159,-2126.178
1213.868,6356.333,-2070.992
1172.717,6381.762,-2015.542
1131.453,6406.443,-1959.837
1090.082,6430.373,-1903.883
1048.608,6453.550,-1847.687
1007.034,6475.971,-1791.257
965.365,6497.632,-1734.599
923.605,6518.531,-1677.721
881.758,6538.666,-1620.630
839.828,6558.035,-1563.333
797.819,6576.634,-1505.838
755.737,6594.462,-1448.151
713.584,6611.516,-1390.280
671.365,6627.795,-1332.233
629.084,6643.296,-1274.016
586.745,6658.018,-1215.637
544.353,6671.959,-1157.103
501.911,6685.116,-1098.423
459.425,6697.489,-1039.602
416.898,6709.076,-980.650
374.334,6719.875,-921.572
331.737,6729.885,-862.378
289.113,6739.105,-803.073
246.465,6747.534,-743.666
203.797,6755.170,-684.165
161.114,6762.013,-624.576
118.419,6768.061,-564.908
75.718,6773.314,-505.167
33.013,6777.771,-445.362
-9.689,6781.431,-385.500
-52.386,6784.294,-325.589
-95.073,6786.360,-265.637
-137.745,6787.629,-205.650
-180.399,6788.099,-145.638
-223.029,6787.772,-85.607
-265.632,6786.646,-25.566
-308.203,6784.723,34.479
-350.739,6782.002,94.519
-393.234,6778.483,154.547
-435.686,6774.168,214.554
-478.088,6769.056,274.535
-520.438,6763.147,334.480
-562.731,6756.444,394.382
-604.963,6748.945,454.234
-647.130,6740.653,514.028
-689.227,6731.568,573.757
-731.250,6721.691,633.412
-773.196,6711.023,692.987
-815.060,6699.565,752.474
-856.838,6687.319,811.865
-898.525,6674.287,871.152
-940.119,6660.468,930.329
-981.614,6645.866,989.388
-1023.006,6630.481,1048.320
-1064.292,6614.316,1107.120
-1105.466,6597.372,1165.778
-1146.527,6579.652,1224.288
-1187.468,6561.157,1282.643
-1228.286,6541.889,1340.834
-1268.977,6521.851,1398.854
-1309.536,6501.044,1456.697
-1349.961,6479.472,1514.354
-1390.247,6457.137,1571.818
-1430.389,6434.041,1629.083
-1470.384,6410.187,1686.140
-1510.228,6385.578,1742.982
-1549.917,6360.217,1799.602
-1589.446,6334.107,1855.993
-1628.812,6307.251,1912.148
-1668.011,6279.652,1968.058
-1707.039,6251.313,2023.718
-1745.892,6222.238,2079.120
-1784.567,6192.430,2134.256
-1823.058,6161.893,2189.121
-1861.363,6130.630,2243.707
-1899.478,6098.644,2298.006
-1937.399,6065.940,2352.013
-1975.122,6032.522,2405.720
-2012.644,5998.392,2459.120
-2049.960,5963.556,2512.207
-2087.067,5928.017,2564.974
-2123.962,5891.780,2617.414
-2160.640,5854.849,2669.521
-2197.098,5817.227,2721.287
-2233.333,5778.920,2772.707
-2269.340,5739.932,2823.773
-2305.117,5700.267,2874.479
-2340.659,5659.930,2924.820
-2375.964,5618.927,2974.787
-2411.027,5577.261,3024.375
-2445.845,5534.938,3073.577
-2480.414,5491.962,3122.388
-2514.732,5448.338,3170.801
-2548.794,5404.072,3218.810
-2582.598,5359.169,3266.408
-2616.139,5313.635,3313.590
-2649.415,5267.474,3360.350
-2682.422,5220.692,3406.680
-2715.157,5173.296,3452.576
-2747.616,5125.290,3498.032
-2779.796,5076.680,3543.042
-2811.695,5027.472,3587.599
-2843.308,4977.672,3631.699
-2874.632,4927.285,3675.335
-2905.665,4876.318,3718.502
-2936.404,4824.777,3761.195
-2966.844,4772.668,3803.408
-2996.984,4719.997,3845.136
-3026.820,4666.769,3886.373
-3056.350,4612.992,3927.114
-3085.569,4558.672,3967.355
-3114.476,4503.815,4007.089
-3143.068,4448.427,4046.312
-3171.341,4392.516,4085.018
-3199.293,4336.087,4123.204
-3226.920,4279.148,4160.863
-3254.221,4221.705,4197.991
-3281.193,4163.764,4234.584
-3307.832,4105.333,4270.637
-3334.136,4046.419,4306.144
-3360.102,3987.029,4341.102
-3385.728,3927.169,4375.506
-3411.011,3866.847,4409.352
-3435.949,3806.069,4442.635
-3460.538,3744.844,4475.350
-3484.777,3683.178,4507.495
-3508.664,3621.078,4539.064
-3532.194,3558.552,4570.054
-3555.367,3495.608,4600.460
-3578.180,3432.253,4630.279
-3600.630,3368.495,4659.507
-3622.716,3304.341,4688.140
-3644.434,3239.798,4716.174
-3665.783,3174.876,4743.606
-3686.760,3109.580,4770.432
-3707.364,3043.920,4796.649
-3727.593,2977.902,4822.254
-3747.443,2911.535,4847.243
-3766.914,2844.827,4871.613
-3786.003,2777.785,4895.360
-3804.708,2710.417,4918.483
-3823.027,2642.732,4940.977
-3840.959,2574.736,4962.841
-3858.502,2506.440,4984.070
-3875.653,2437.849,5004.664
-3892.412,2368.974,5024.618
-3908.776,2299.820,5043.930
-3924.743,2230.398,5062.598
-3940.313,2160.715,5080.620
-3955.482,2090.779,5097.992
-3970.251,2020.599,5114.714
-3984.617,1950.184,5130.782
-3998.578,1879.540,5146.195
-4012.134,1808.677,5160.950
-4025.282,1737.603,5175.046
-4038.022,1666.327,5188.481
-4050.352,1594.856,5201.252
-4062.271,1523.200,5213.360
-4073.777,1451.366,5224.801
-4084.869,1379.365,5235.574
-4095.546,1307.204,5245.679
-4105.808,1234.892,5255.113
-4115.652,1162.438,5263.876
-4125.077,1089.850,5271.967
-4134.084,1017.138,5279.383
-4142.670,944.308,5286.125
-4150.836,871.372,5292.192
-4158.579,798.336,5297.583
-4165.899,725.210,5302.296
-4172.796,652.002,5306.332
-4179.268,578.721,5309.690
-4185.315,505.376,5312.370
-4190.936,431.975,5314.370
-4196.130,358.527,5315.692
-4200.897,285.041,5316.334
-4205.237,211.525,5316.297
-4209.148,137.988,5315.581
-4212.631,64.439,5314.185
-4215.685,-9.113,5312.110
-4218.309,-82.661,5309.356
-4220.503,-156.194,5305.924
-4222.267,-229.705,5301.814
-4223.600,-303.185,5297.026
-4224.503,-376.624,5291.561
-4224.974,-450.015,5285.419
-4225.015,-523.348,5278.602
-4224.625,-596.615,5271.111
-4223.803,-669.807,5262.945
-4222.550,-742.916,5254.107
-4220.865,-815.933,5244.597
-4218.749,-888.848,5234.417
-4216.203,-961.654,5223.567
-4213.225,-1034.342,5212.050
-4209.817,-1106.903,5199.866
-4205.978,-1179.327,5187.018
-4201.709,-1251.608,5173.507
-4197.010,-1323.735,5159.335
-4191.882,-1395.701,5144.503
-4186.325,-1467.497,5129.014
-4180.339,-1539.114,5112.869
-4173.925,-1610.544,5096.071
-4167.084,-1681.778,5078.621
-4159.815,-1752.809,5060.522
-4152.121,-1823.627,5041.777
-4144.001,-1894.224,5022.387
-4135.455,-1964.593,5002.355
-4126.486,-2034.724,4981.684
-4117.093,-2104.609,4960.376
-4107.277,-2174.240,4938.434
-4097.040,-2243.610,4915.861
-4086.382,-2312.708,4892.659
-4075.304,-2381.529,4868.832
-4063.807,-2450.063,4844.383
-4051.893,-2518.302,4819.314
-4039.561,-2586.238,4793.630
-4026.814,-2653.864,4767.332
-4013.652,-2721.170,4740.425
-4000.078,-2788.150,4712.912
-3986.091,-2854.795,4684.797
-3971.693,-2921.097,4656.083
-3956.886,-2987.048,4626.774
-3941.671,-3052.641,4596.873
-3926.050,-3117.868,4566.385
-3910.023,-3182.721,4535.313
-3893.592,-3247.193,4503.662
-3876.760,-3311.275,4471.435
-3859.527,-3374.961,4438.636
-3841.895,-3438.243,4405.270
-3823.866,-3501.113,4371.341
